CEN
-1.400000 6.200000 27.000000 
IPL_L_point
-42.000000 -64.000000 46.000000 
MFG2_L
-40.000000 48.000000 -2.000000 
MFG_L
-32.000000 22.000000 48.000000 
MTG_L
-58.000000 -42.000000 -12.000000 
MeFG_R
6.000000 36.000000 46.000000 
Caud_R
13.000000 2.000000 14.000000 
IPL_R
48.000000 -54.000000 46.000000 
MFG2_L_point
-40.000000 48.000000 -2.000000 
MFG_L_point
-32.000000 22.000000 48.000000 
MTG_L_point
-58.000000 -42.000000 -12.000000 
MeFG_R_point
6.000000 36.000000 46.000000 
Caud_R_point
13.000000 2.000000 14.000000 
IPL_R_point
48.000000 -54.000000 46.000000 
MFG2_R
38.000000 54.000000 0.000000 
MFG_R
38.000000 26.000000 42.000000 
MeFG_L
-6.000000 34.000000 42.000000 
RCEN
32.800000 12.800000 29.600000 
IPL_L
-42.000000 -64.000000 46.000000 
LCEN
-35.600000 -0.400000 24.400000 
MFG2_R_point
38.000000 54.000000 0.000000 
MFG_R_point
38.000000 26.000000 42.000000 
MeFG_L_point
-6.000000 34.000000 42.000000 
